dataCode,ordinal,ordering,reassignments,default_value,default_related_field
1,0,,,,
2,0,,,,
3,0,,-1=NA,,
4,0,,,,
5,0,,-1=NA,,
6,0,,-1=NA,,
7,-1,,9=NA,,
8,0,,,,
9,-1,,,,
10,0,,,,
11,0,,,,
12,-1,,,,
13,,,-1=NA|-3=NA,,
14,-2,,,,
15,1,,,,
16,0,,,,
17,,,-1=NA,,
18,1,0|2|1,,,
19,0,,,,
21,-1,,-1=NA,,
22,-2,,,,
23,-2,,,,
24,-2,,,,
27,1,0|2|1,,,
29,0,,,,
30,-2,,,,
31,-2,,,,
32,-2,,,,
33,-2,,,,
34,-1,,,,
35,-2,,,,
36,-2,,,,
37,,,-3=NA|-1=NA,,
38,0,,,,
39,0,,,,
42,,,-313=NA|-818=NA,,
47,0,,,,
49,0,,,,
50,0,,,,
51,0,,,,
54,0,,,,
55,-1,,,,
56,0,,,,
59,0,,,,
60,0,,,,
71,0,,,,
73,0,,,,
74,0,,,,
75,0,,,,
76,0,,,,
77,0,,,,
78,0,,,,
79,0,,,,
80,0,,,,
81,0,,,,
82,1,,,,
83,1,,,,
84,-1,,,,
85,-1,,,,
86,0,,,,
87,0,,,,
89,0,,,,
90,0,,,,
91,0,,,,
92,0,,,,
93,0,,,,
100,-1,,,,
101,-1,,,,
102,-1,,,,
170,,,-1=NA,,
196,-1,,,,
197,-1,,,,
198,0,,,,
199,0,,,,
200,0,,,,
201,0,,,,
212,0,,8=NA|9=-1,,
216,0,,X=-1,,
217,0,,9=-1,,
219,0,,9=-1,,
220,0,,8=NA|9=-1,,
223,0,,9=-1,,
224,0,,9=-1|0=NA,,
225,0,,9=-1,,
227,0,,99=-1,,
228,0,,8=NA|9=-1,,
229,0,,8=-1|9=NA,,
230,0,,,,
231,0,,98=NA|99=-1,,
238,0,,,,
239,0,,,,
240,0,,,,
261,0,,,,
262,0,,,,
263,0,,,,
264,0,,8000=NA|9000=-1,,
265,0,,11000=NA|12000=-1,,
266,0,,6000=NA,,
267,0,,11000=NA|11001=-1|12000=-2,,
268,0,,4000=NA|5000=-1,,
269,0,,9999=-1,,
270,0,,9999=-1,,
271,0,,800=NA|900=-1,,
272,,,1900-01-01=NA,,
300,0,,,,
339,1,,-600=0|-601=1|-602=2,,
400,0,,,0,12224
401,0,,,4,12224
402,,,0=NA,,
403,0,,,0,12224
408,1,,,,
470,0,,,,
479,0,,,,
480,0,,,,
485,,,-1=NA,,
486,0,,,,
487,,,-1=NA,,
488,,,-1001=NA,,
489,0,,,,
493,1,,-131=1|-141=2,,
494,1,,-1520=1|-2030=2|-3040=3|4000=4,,
496,0,,,,
497,0,,,,
498,1,1|2|0,,,
500,0,,,,
502,-1,,,,
503,-1,,,,
504,1,,,,
505,1,,,,
506,1,,,,
507,0,,,,
508,-1,,,,
509,1,,,,
510,1,,,,
511,,,-818=NA|-999=NA,,
513,,,-121=NA|-818=NA,,
514,-1,,,,
515,1,,-121=NA|-818=NA,,
516,-1,,,,
517,,,-999=NA,,
518,-1,,,,
519,1,,,,
520,-1,,,,
521,1,,,,
522,1,,,,
523,1,,,,
524,1,,,,
525,,,-121=NA|-818=NA,,
526,1,,,,
527,1,,,,
528,,,-121=NA|-818=NA|-999=NA,,
529,1,,,,
530,,,-999=NA|-818=NA|-121=NA,,
531,1,,,,
532,1,,,,
533,0,,2=1,,
534,1,,,,
535,1,,,,
536,1,,,,
537,1,,,,
538,1,,,,
548,1,,,,
584,,,-818=NA,,
616,1,,,,
620,1,,,,
634,1,0|9|1,,,
682,1,,,,
777,0,,,,
778,0,,,,
871,1,,,,
913,1,,,,
946,,,0=NA|-1001=NA|-818=NA,,
947,0,,,,
950,1,,-500=0|-501=1|-502=2|-503=3|-504=4,,
957,,,-777=NA|-313=NA|-818=NA,,
1001,0,,,,
1002,-1,,,21000,0
1007,-1,,,,
1010,,,-17=100|-27=101,,
1018,1,,-600=0|-601=1|-602=2,,
1021,-1,,,,
1022,-1,,,,
1101,-1,,,22301,0
1200,0,,,,
1204,0,,,,
1205,-1,,,,
1206,-1,,,,
1207,-1,,,,
1208,-1,,,,
1209,-1,,,,
1210,-1,,,,
1317,,,-999999=NA,,
1401,0,,,,
1405,0,,-818=NA,,
1406,0,,-818=NA,,
1407,0,,-818=NA,,
1414,0,,4=NA|-818=NA,,
1415,0,,-818=NA,,
1422,0,,-818=NA,,
1423,0,,-818=NA,,
1506,0,,,,
1543,1,,,,
1862,0,,-701=0|-702=1|-703=2|-704=3|-705=4,,
1965,0,,,0,31
1990,,,0=NA,,
2226,0,,,,
2730,0,,-801=0|-802=1|-803=2,,
5001,0,,1=0|2=0|3=1|4=0|5=0,,
5002,0,,1=0|2=0|3=1|4=0|5=0,,
5003,0,,1=0|2=0|3=0|4=1|5=0,,
5004,0,,1=0|2=1|3=0|4=0|5=0,,
5005,0,,1=0|2=0|3=0|4=1|5=0,,
5006,0,,1=0|2=1|3=0|4=0|5=0,,
5007,0,,1=0|2=0|3=1|4=0|5=0,,
5008,0,,1=0|2=1|3=0|4=0|5=0,,
5009,0,,1=0|2=0|3=0|4=1|5=0,,
5010,0,,1=0|2=1|3=0|4=0|5=0,,
5011,0,,1=0|2=0|3=0|4=0|5=1,,
5012,0,,1=0|2=0|3=0|4=0|5=1,,
5013,0,,1=1|2=0|3=0|4=0|5=0,,
5014,0,,1=0|2=0|3=1|4=0|5=0,,
6312,0,,,,
6332,,,,,
6361,,,0=NA,,
7310,0,,-901=0|-902=1|-903=2|-904=3|-905=4,,
22000,0,,-11=111|-10=110|-9=109|-8=108|-7=107|-6=106|-5=105|-4=104|-3=103|-2=102|-1=101,,
100001,1,555|1|200,,0,20082
100002,1,555|1|2|300,,0,20082
100003,1,555|1|2|300,,0,20082
100004,1,555|1|2|3|400,,0,20082
100005,1,444|555|1|2|3|4|500,,0,20082
100006,1,555|1|2|3|4|5|600,,0,20082
100007,1,1|2|3|4|5|600,,0,20082
100008,1,0|111|1,,,
100009,1,111|1,111=NA,0,20082
100010,-1,,,,
100011,1,0|10|1030|3060|12|24|46|600,,,
100012,1,0|1|13|25|57|79|912|1200,,,
100013,-1,,,,
100014,1,5|10|15,,,
100015,0,,,,
100016,1,555|1|2|3|4|500,,0,20082
100017,1,444|555|1|2|300,,0,20082
100256,0,,,,
100257,0,,,,
100258,0,,,,
100259,0,,,,
100260,0,,,,
100261,0,,,,
100262,1,,,,
100263,0,,,,
100264,-1,,,,
100267,1,0|1,2=NA,,
100270,0,,,,
100271,1,,2=1|3=NA,,
100272,0,,5=-1,,
100273,0,,,,
100274,0,,,,
100280,0,,,,
100282,0,,,,
100286,0,,-7=100,,
100287,0,,-7=100,,
100288,0,,-7=100,,
100289,0,,-7=100,,
100290,,,-1=NA|-3=NA|-10=NA,,
100291,,,-1=NA|-3=NA,,
100292,,,-3=NA,,
100293,1,,,,
100294,1,,,,
100295,0,,-7=100,,
100298,,,-10=NA|-1=NA|-3=NA,,
100299,0,,-7=100,,
100300,,,-1=NA|-3=NA|-10=NA,,
100301,1,,,,
100305,,,-7=100,,
100306,,,-1=NA|-2=NA|-3=NA,,
100307,,,-1=NA|-2=NA|-3=NA,,
100313,1,,,,
100314,1,,,,
100316,0,,-7=100,,
100317,1,,,,
100318,1,,,,
100327,1,,7=6,,
100328,0,,-7=100,,
100329,,,-1=NA|-3=NA|-10=NA,,
100334,1,,5=-4,,
100335,1,,,,
100336,1,,,,
100337,1,,,,
100338,1,1|0|2,,,
100339,0,,,,
100341,1,,,,
100342,1,,,,
100343,1,,,,
100345,-1,,,,
100346,1,,3=2,,
100347,1,0|2|1,,,
100348,1,,,,
100349,-1,,,,
100351,0,,,,
100352,-1,,,,
100353,,,-1=NA|-10=NA,,
100355,,,-1=NA|-3=NA|-10=NA,,
100356,1,,,,
100357,1,,,,
100358,1,,,,
100359,1,,,,
100360,1,,,,
100361,0,,-7=100,,
100369,1,,,,
100370,1,,,,
100373,,,-1=NA|-3=NA|-10=NA,,
100377,1,,,,
100385,0,,-3=NA,,
100387,0,,,,
100388,0,,,,
100389,0,,,,
100391,0,,,,
100393,0,,,,
100394,1,,,,
100397,0,,,,
100398,1,,,,
100400,0,,,,
100401,1,,,,
100402,1,,,,
100416,-1,,,,
100417,1,,,,
100418,0,,,,
100420,0,,,,
100428,1,1|3|2,,,
100429,1,1|3|2,,,
100430,0,,,,
100431,1,,,,
100432,1,,,,
100434,0,,,,
100435,1,1|3|2,,,
100478,1,,,,
100479,1,,7=-4,,
100484,1,,,,
100498,0,,-7=100,,
100499,-1,,12=11,,
100500,-1,,,,
100501,1,,,,
100502,0,,-7=100,,
100503,-1,,,,
100504,,,-1=NA|-2=NA|-3=NA,,
100508,1,,,,
100510,0,,-7=100,,
100511,1,,,,
100514,0,,-1=NA|-3=NA,,
100515,0,,,,
100523,0,,-7=100,,
100536,1,,5=-2,,
100537,,,-1=NA|-3=NA|-10=NA,,
100538,0,,-7=100,,
100539,1,,,,
100540,1,3|0|2,,,
100549,1,,,,
100550,-1,,,,
100552,0,,,,
100553,0,,-7=100,,
100563,-1,,,,
100564,-1,,,,
100567,,,-1=NA|-3=NA|-10=NA,,
100569,,,-1=NA|-3=NA|-10=NA,,
100570,1,,,,
100572,0,,,,
100579,-1,,2=-1|3=-2,,
100582,,,-1=NA|-3=NA|-6=NA,,
100584,,,-3=NA,,
100585,,,-1=NA|-2=NA|-3=NA,,
100586,,,-4=NA|-3=NA,,
100595,,,-1=NA|-3=NA|-11=NA,,
100598,,,-1=NA|-3=NA|-11=NA,,
100599,-1,,,,
100603,-1,,,,
100605,0,,-7=100,,
100610,0,,-7=100,,
100617,-1,,,,
100622,0,,-1=NA|-3=NA,,
100625,0,,-7=100,,
100626,0,,-7=100,,
100628,0,,-7=100,,
100629,0,,-7=100,,
100630,0,,-7=100,,
100631,0,,,,
100635,1,0|14|13|12|11,,,
100636,1,4|13|12|11,,,
100637,1,0|13|12|11,,,
100639,1,,,,
100640,0,,,,
100641,-1,,,,
100642,-1,,,,
100643,0,,13=0|14=0|15=1|16=0|17=0|-1=0,,
100644,0,,642=0|308=0|987=1|714=0|253=0|-1=0,,
100645,0,,1=0|2=0|3=0|4=1|5=0|-1=0,,
100646,0,,5=0|6=1|7=0|8=0|-1=0,,
100647,0,,1=0|2=0|3=0|4=1|5=0|-1=0,,
100648,0,,68=0|69=1|70=0|71=0|72=0|-1=0,,
100649,0,,1=0|2=0|3=1|4=0|5=0|-1=0,,
100650,0,,25=0|26=1|27=0|28=0|29=0|-1=0,,
100651,0,,1=0|2=0|3=0|4=1|5=0|-1=0,,
100652,0,,96=0|95=1|94=0|93=0|92=0,,
100653,0,,1=0|2=0|3=0|4=0|5=1|-1=0,,
100654,0,,50=0|49=0|48=0|47=0|46=0|45=1|-1=0,,
100655,0,,1=1|2=0|3=0|-5=0|-1=0,,
100656,0,,-7=100,,
100657,1,,,,
100658,0,,-7=100,,
100659,1,,,,
100662,1,,7=6,,
100663,1,,,,
100664,1,1|0|2,,,
100668,-1,,,,
100669,0,,,,
100672,0,,-3=NA,,
100673,0,,,,
100674,0,,,,
100683,0,,-7=100,,
100685,0,,-7=100,,
100686,0,,,,
100688,0,,-7=100,,
100689,0,,-7=100,,
100690,0,,-7=100,,
100691,0,,-7=100,,
100692,0,,-7=100,,
100693,1,,,,
100694,-1,,,,
100695,0,,,,
100696,,,-1=NA,,
100698,,,-313=NA,,
100699,-1,,,,
100700,1,,,,
CC_MAX_DIGITS,,,-1=NA,,
